0,-1.9,0.2000003,2.4,16,31,26
1,23.9,-1.72,-33.6,25,26,3
2,15.1,-3.22,-56.2,3,18,34
3,24.3,-2.88,-51,2,1,34
4,32.5,5.64,-105.2,20,19
5,-41.4,-9.17,-81.1,11,9,8
6,-78.9,-6.09,-41.6,14,32,33
7,-53.6,-2.98,-14.6,33,17,16
8,-59.7,-6.5,-47.4,32,5
9,-58.1,-12.15,-87.9,5,10
10,-79,-15.65,-104.3,9
11,-17.6,-5.43,-82.7,12,5
12,-1.5,-3.13,-78.9,36,11
13,-139.1,4.62,-1.799999,15,14
14,-136.2,-1.49,-33.6,13,6
15,-113.7,-1.08,21.7,13,16
16,-43.3,-2.53,4.4,7,17,15,0
17,-40.7,-3.5,-12,7,16,18
18,-3.1,-3.15,-48.6,2,17
19,29.6,1.26,-86,4,35
20,45.7,3.53,-104,21,4
21,54.4,1.78,-97.2,22,20
22,61.8,0.2400002,-69.9,24,21
23,66.9,0.1900001,-24.2,27,25,24
24,63.7,-0.5999999,-41.3,25,23,22
25,54.4,-0.3799999,-29.1,23,24,1
26,9.1,-1.01,-15.9,1,0
27,67.9,2.63,-0.1000004,28,23
28,61.5,4.36,27.5,29,27
29,30.9,4.37,40,30,28
30,16.8,3.62,37.1,31,29
31,6.8,2.4,26.5,0,30
32,-68,-6.34,-44.5,6,33,8
33,-67.1,-5.04,-36.9,32,6,7
34,18.9,-3.07,-62.2,36,35,3,2
35,21.4,-1.85,-70.9,34,36,19
36,12.7,-2.56,-70.3,34,35,12
