0,175.31,-22.23,15.69,1,51
1,169.83,-23.23,29.92,4,2
2,167.12,-23.01,41.4,1,3
3,161,-23.72,50.29,39,2,9
4,158,-26.08,28.3,1,5
5,145.6,-27.65,36,4,6
6,134.86,-29.72,41.31,5,58
7,127.24,-30.82,46.65,8,58,9
8,119.88,-32.04,44.54,10,7,58
9,142.1,-28.04,48.7,7,3
10,112.3,-33.86,41,8,11
11,104.5,-35.29,34.9,17,12,10
12,99.8,-36.1,28.1,206,11,13
13,106.62,-35.3,23.88,12,14
14,116.99,-33.93,23.59,15,13
15,123.04,-32.96,20.81,16,14
16,128.99,-32.26,14.86,15
17,88.6,-37.18,48.7,11,18
18,77.58,-38.53,61.38,17,19
19,70.26,-40.8,72.4,21,20,18
20,73.31,-39.87,75.35,19,21,25
21,65.93,-41.53,74.76,22,19,20
22,55.31,-43.49,78.4,21,23
23,47.15,-44.19,86.66,22,24
24,41.64,-44.52,94.33,46,23,197
25,82.76,-37.71,75.94,20,26
26,92.3,-35.65,78.3,25,27,30
27,98.99,-34.31,75.35,28,26
28,104.6,-33.74,69.25,29,27
29,111.98,-32.58,65.61,50,28
30,97.91,-34.22,83.41,31,26
31,104.6,-32.83,86.56,30,32
32,110.79,-31.73,88.43,33,31,40
33,125.15,-29.46,85.68,32,38
34,130.46,-27.47,100.53,35,38
35,125.64,-28.28,106.53,36,34
36,118.95,-29.32,112.24,37,35
37,109.1,-30.74,123.3,36
38,136.86,-27.24,82.53,39,33,34
39,149.94,-25.56,68.27,3,38
40,92.67,-34.5,102.53,32,41
41,77.31,-37.31,114.74,42,40
42,67.66,-39.06,120.35,41,43
43,58.01,-40.95,121.93,42,47,44
44,49.44,-42.71,117.5,45,43
45,44.32,-43.8,111.49,44,46
46,42.45,-44.63,104.01,24,45
47,50.3,-40.8,132.7,43,48
48,43.7,-41.02,140.5,49,47
49,34.1,-41.21,145.2,48
50,117.6,-31.81,64.1,29
51,165.09,-25.24,11.29,0,52
52,154.48,-27.21,5.25,53,51,56
53,158.89,-26.13,-1.28,54,52
54,166.6,-24.58,-9,55,53
55,172.03,-23.78,-21.76,54
56,147.13,-29.18,-0.22,52,57
57,140.19,-30.58,-7.16,56,59,217
58,127.24,-31.08,43.42,8,7,6
59,133.56,-32.86,-17.52,57,60
60,128.84,-34.03,-30.06,59,61
61,125.91,-34.66,-41.86,60,63,62
62,123.91,-35.06,-46.81,115,64,61
63,132.48,-34.52,-45.38,61,65
64,112.38,-35.07,-42.14,116,62
65,146.29,-32.62,-50.71,63,66
66,154.67,-31.44,-57.47,65,67
67,164.29,-30.89,-71.67,66,68
68,167.34,-31.16,-84.25,67,69
69,166.39,-32.18,-101.21,68,74,70
70,169.96,-32.29,-108.93,69,71
71,175.8,-31.35,-114.2,73,70
72,181.36,-31.43,-126.24,73
73,179.85,-30.97,-118.53,72,71
74,160.37,-33.87,-107.71,75,69
75,152.28,-35.17,-112.32,74,76
76,140.7,-37.39,-117.68,84,77,75
77,132.98,-37.69,-105.92,76,78
78,124.89,-38.4,-99.24,104,77,79
79,120.09,-39.34,-106.2,80,78
80,113.5,-40.08,-109.59,81,79
81,106.16,-41.02,-111.19,80,82
82,100.61,-41.47,-111.94,83,81
83,96.94,-41.81,-116.36,82
84,128.65,-39.51,-124.64,85,76
85,114.63,-41.46,-135.84,86,84
86,101.64,-42.77,-142.15,87,85
87,90.06,-43.49,-144.22,86,88,94
88,81.37,-44.2,-148.46,87,89
89,71.52,-44.69,-156.45,88,91,90
90,56.45,-44.97,-163.96,89
91,71.74,-44.87,-165.56,89,92
92,67.16,-45.26,-173.44,91,93
93,61.89,-45.34,-181.59,92
94,71.64,-44.14,-138.4,87,95
95,56.41,-44.32,-133.53,96,94,140,141
96,62.15,-44.2,-128.41,95,97
97,68.51,-43.69,-120.27,98,134,96
98,77.5,-42.68,-105.23,99,97
99,84.48,-41.38,-93.14,98,100
100,88.74,-40.19,-86.71,128,101,102,99
101,93.16,-39.57,-83.69,100,102,113
102,93.86,-39.64,-85.94,101,100,103
103,109.46,-38.55,-84.9,104,102
104,114.83,-38.55,-87.16,106,103,78
105,128.1,-36.62,-76.01,107,108,106
106,121.69,-37.63,-80.69,105,104
107,136.85,-35.74,-79.39,110,105
108,138.5,-34.92,-66.91,109,105
109,144.74,-33.87,-65.52,108
110,143.7,-35.18,-80.77,107
111,105.87,-37.62,-75.95,113,112
112,109.6,-36.82,-71.65,114,121,111
113,99.85,-38.88,-79.68,111,101
114,115.52,-35.8,-64.67,115,112
115,120.78,-35.3,-55.11,114,62
116,98.03,-35.39,-35.03,64,117
117,90.31,-35.54,-36.18,116,118
118,80.78,-36.19,-42.21,185,119,117
119,84.65,-36.71,-49.74,120,122,118
120,91.21,-36.33,-56.68,121,119
121,101.88,-36.52,-63.67,120,112
122,71.86,-37.61,-53.26,123,119
123,62.94,-38.85,-54.1,122,124
124,54.26,-40.21,-60.79,123,125
125,46.54,-41.55,-69.53,124,127,126
126,28.39,-40.86,-70.55,184,125,130
127,57.76,-41.77,-77.61,129,125
128,77.78,-40.83,-86.48,100,129
129,67.41,-41.32,-83.22,127,128
130,30.98,-41.39,-76.76,131,126
131,38.52,-42.66,-82.3,130,133
132,51.24,-43.89,-97.25,133,134,135
133,46.66,-43.43,-88.99,131,132
134,59.62,-43.88,-108.64,132,97
135,38.78,-44.03,-105.16,132,136
136,26.4,-43.47,-111.71,135,137
137,21.77,-43.13,-115.86,138,136
138,18.1,-42.64,-122.57,160,139,137
139,29.44,-42.83,-128.4,140,138
140,42.14,-43.59,-131.43,139,95
141,45.57,-43.67,-140.46,95,142
142,33.51,-42,-147.33,145,143,141
143,25.77,-41.69,-140.54,144,142
144,11.56,-40.43,-137.98,143
145,26.16,-41.01,-151.72,142,146
146,8.67,-39.54,-156.91,145,151,147
147,2.04,-39.27,-151.88,146,148
148,-6.98,-39.16,-147.49,149,147
149,-18.24,-40.07,-135.35,148,150
150,-27.58,-40.77,-129.28,149,157,158
151,-0.66,-39.07,-159.1,152,146
152,-13.45,-38.75,-160.56,151,153
153,-29.3,-39.14,-161.8,152,154
154,-52.76,-38.52,-159.55,153,161,155
155,-50.21,-39.15,-144.38,156,154
156,-46,-39.84,-137.8,155,157
157,-35.49,-40.25,-132.5,156,150,175
158,-20.9,-41.35,-122.3,150,159
159,-8.1,-41.59,-115.8,160,179,158
160,2,-41.55,-119.1,138,159
161,-69.21,-36.13,-156.49,154,162
162,-81.5,-34.5,-151.06,161,163
163,-89.52,-33.33,-143.16,164,162,167
164,-76.94,-35.47,-141.2,165,163
165,-67.59,-36.98,-137.1,166,164
166,-62.86,-37.58,-137.27,165
167,-103.89,-31.54,-128.45,168,260,163
168,-93.65,-33.85,-116.74,167,169
169,-86.77,-35.08,-107.01,168,170
170,-75.57,-36.9,-100.35,169,171,269
171,-66.35,-37.99,-102.33,170,172
172,-57.57,-39.09,-101.53,176,171,173
173,-51.5,-39.48,-106.21,174,172
174,-44.47,-40.27,-117.11,175,173
175,-39.35,-40.53,-124.14,157,174
176,-49.23,-40.28,-97.36,178,172
177,-22.15,-39.93,-95.09,178,179,180
178,-41.54,-40.41,-94.8,177,176
179,-15.85,-41.2,-106.29,159,177
180,-13.77,-39.4,-90.24,177,181
181,-7.96,-38.65,-82.59,180,278,183
182,-1.64,-38.22,-68.03,184,183,223
183,-3.63,-38.3,-74.87,182,181
184,11.74,-39.33,-70.82,126,182
185,74.77,-37.13,-34.18,118,186
186,66.8,-38.17,-28.04,187,185,214
187,53.46,-39.79,-27.21,186,188,218
188,42.17,-41.43,-21.56,187,221,189
189,31.9,-43.26,-6.57,213,188,190
190,25.48,-44.05,1.8,189,235,191
191,21.41,-43.48,22.55,209,190,192
192,21.01,-43.4,34.03,191,193
193,24.68,-42.19,46.3,192,194,301
194,27.72,-41.62,55.94,195,193
195,27.83,-41.29,65.17,196,202,194
196,20.49,-42.45,76.96,195,199
197,33.29,-43.92,86.19,198,24
198,23.74,-43.09,83.2,199,197
199,16.64,-43.54,81.6,201,200,196,198
200,9.6,-43.67,85.92,199,201,349
201,7.2,-43.32,82.93,199,200,288
202,39.24,-41.4,58.75,203,195
203,51.93,-41.77,52.02,204,202
204,61.07,-40.46,41.44,203,205
205,76.33,-39.03,29.05,206,207,204
206,93.41,-37.48,18.62,210,205,12
207,61.36,-40.61,22.23,205,208
208,48.64,-41.89,18.65,207,209
209,34.09,-42.79,21.46,208,191
210,86.87,-37.98,-2.32,214,211,206
211,73.17,-39.41,1.9,212,210
212,61.58,-40.7,0.99,211,213
213,45.77,-42.04,-5.05,212,189
214,82.58,-37.34,-15.32,210,215,186
215,98.18,-36.46,-7.03,216,214
216,109.85,-35.7,-4.29,217,215
217,125.52,-33.93,-6.68,216,57
218,47.67,-39.66,-31.2,219,187
219,39.71,-39.2,-41.67,220,218
220,29.81,-38.94,-45.69,219
221,26.6,-42.26,-24.7,188,227,222
222,11.8,-38.86,-42.6,225,224,221
223,-12.6,-38.19,-57.7,224,240,182
224,1.5,-38.67,-51.6,223,222
225,-0.3,-39.12,-38.9,222,226
226,-9.8,-39.92,-30.4,225
227,9.9,-42.19,-19.6,221,230
228,-25.3,-43.58,-6.3,236,229,231
229,-11.8,-43.54,-5.6,230,228
230,-2.6,-43.16,-12,229,227
231,-25.6,-43.09,5.6,228,232
232,-21.8,-42.94,11.6,231,233
233,-10.1,-42.72,19.1,241,234,232
234,3.6,-43.25,15,233,235
235,16.6,-44.06,7.3,234,190
236,-31.7,-42.79,-12.3,237,228
237,-41.9,-41.32,-21,238,236
238,-41.9,-40.52,-28.3,239,237
239,-37,-39.36,-36.8,238,240
240,-25.72,-38.13,-49.33,283,223,239
241,-18.99,-42.72,20,233,242
242,-36.87,-42.94,17.5,243,241
243,-50.86,-39.52,13.7,307,242,244
244,-58.65,-37.14,8.8,246,243
245,-80.43,-36.68,-13.07,284,250,247
246,-66.84,-35.67,2.72,247,248,244
247,-74.23,-35.52,-3.97,245,246
248,-60.94,-36.67,-3.37,249,246
249,-50.05,-39.85,-8.57,248
250,-88.84,-37.32,-22.78,251,245
251,-103.67,-35.4,-34.75,252,250,313
252,-113.82,-33.58,-42.29,253,287,251
253,-124.29,-31.19,-48.7,254,252
254,-131.66,-29.48,-56.59,255,253
255,-137.38,-27.76,-67.42,256,254
256,-137.64,-27.5,-72.36,257,266,255
257,-138.5,-27.03,-79.4,258,256
258,-136.1,-26.71,-89,257,259
259,-133.35,-26.79,-98.42,260,261,258
260,-119.63,-28.97,-113.2,167,259
261,-142.94,-25.03,-92.79,262,259
262,-154.64,-22.84,-87.69,261,263
263,-160.01,-21.99,-79.69,264,262
264,-160.44,-22.57,-70.01,265,263
265,-156.31,-24.16,-61.92,264
266,-120.84,-30.89,-73.5,267,256
267,-99.11,-34.23,-79.66,266,268,270
268,-92.07,-34.91,-85.64,267,269
269,-84.06,-35.92,-92.85,170,268
270,-89.51,-35.41,-77.81,267,271
271,-82.38,-36.68,-72.62,270,272
272,-77.01,-37.92,-63.12,273,274,271
273,-71.12,-38.74,-56.7,272,274,279
274,-70.68,-38.93,-62.95,272,273,275
275,-62.41,-39.45,-68.05,276,274
276,-55.11,-39.41,-69.46,277,275
277,-40.33,-39.04,-69.2,278,276
278,-28.28,-38.96,-71.75,277,181
279,-62.5,-39.67,-49.93,273,280
280,-59.51,-39.82,-43.95,279,281
281,-61.09,-39.97,-35.06,282,284,280
282,-51.32,-40.01,-40.6,281,283
283,-39.88,-38.92,-46.67,240,282
284,-70.06,-38.86,-24.15,281,245
285,-86.72,-37.35,-46.78,286
286,-94.81,-35.98,-44.67,285,287
287,-107.65,-34.21,-45.55,286,252
288,-0.49,-43.21,81.71,289,201
289,-13.92,-43.74,72.76,290,291,288
290,-17.34,-44.04,75.04,289,291,344
291,-19.62,-43.95,70.48,290,289,292,293
292,-28.05,-43.9,69.6,333,293,291
293,-27,-44.05,67.49,292,294,291
294,-32.79,-43.97,62.31,295,293
295,-37.88,-43.68,54.33,296,297,294
296,-36.39,-43.63,49.85,295,297,298
297,-40.51,-43.6,49.15,303,295,296
298,-18.92,-44.05,46.08,299,302,296
299,-26.38,-43.59,36.95,300,298
300,-33.75,-43.4,33.61,299
301,11.01,-42.76,50.46,302,193
302,-4.17,-44.12,47.83,298,301
303,-48.93,-43.06,43.18,304,297
304,-61.92,-41.92,39.58,305,303
305,-68.68,-41.51,35.99,304,306
306,-73.86,-40.19,29.41,308,307,305
307,-57.54,-39.29,20.37,243,306
308,-82.03,-38.89,19.84,310,306
309,-102.83,-37.31,12.47,322,310,311
310,-88.09,-38.13,16.5,308,309
311,-99.41,-36.62,-4.73,313,309
312,-103.62,-36.53,-3.58,314,313
313,-99.41,-36.69,-15.34,251,311,312
314,-111.26,-35.93,7.83,312,315
315,-120.65,-35.19,17.22,314,316
316,-136.53,-32.92,28.37,315,317
317,-151.63,-30.91,36.44,323,316
318,-137.59,-33.59,40.13,319,323
319,-124.16,-35.74,41.98,318,320
320,-106.96,-38.25,47.94,324,319,321
321,-107.66,-37.51,30.82,322,320
322,-105.91,-37.1,22.13,321,309
323,-156.72,-29.86,41.1,317,318
324,-97.83,-39.45,58.04,320,325
325,-91.16,-40.61,64.01,326,324,328
326,-84.75,-40.73,50.76,327,325
327,-86.07,-40.28,42.33,326
328,-84.05,-41.48,71.37,325,329
329,-77.73,-42.22,76.55,330,332,328
330,-61.85,-43.55,79.8,331,329
331,-53.86,-44.13,78.84,330,333
332,-74.3,-43.27,84.81,329,334
333,-39.38,-44.06,72.87,331,292
334,-71.5,-44.28,96.22,332,335,339
335,-78.43,-43.31,92.71,336,334
336,-83.17,-42.6,92.45,337,335
337,-93.53,-41.55,94.2,338,336
338,-110.29,-39.64,92.53,337
339,-67.55,-44.97,105.17,334,340
340,-62.99,-45.72,110.53,339,341
341,-54.74,-46.52,115.44,340,342
342,-49.75,-46.96,116.58,345,343,341
343,-43.58,-46.56,109.55,344,342
344,-31.07,-45.69,99.94,290,343
345,-38.85,-46.66,118.34,346,342
346,-28.96,-46.17,117.52,347,345
347,-18.98,-45.49,113.49,348,346
348,-11.47,-44.97,108,349,347
349,-0.95,-44.25,95.28,348,200
